header: 
  seq: 1
  stamp: 
    secs: 0
    nsecs: 0
  frame_id: map
pose: 
  pose: 
    position: 
      x: 14.5500011444
      y: 15.3999996185
      z: 0.0
    orientation: 
      x: 0.0
      y: 0.0
      z: 0.986852227028
      w: 0.161625128027
  covariance: [0.25, 0.0, 0.0, 0.0, 0.0, 0.0, 0.0, 0.25, 0.0, 0.0, 0.0, 0.0, 0.0, 0.0, 0.0, 0.0, 0.0, 0.0, 0.0, 0.0, 0.0, 0.0, 0.0, 0.0, 0.0, 0.0, 0.0, 0.0, 0.0, 0.0, 0.0, 0.0, 0.0, 0.0, 0.0, 0.06853891945200942]



header: 
  seq: 2
  stamp: 
    secs: 0
    nsecs: 0
  frame_id: map
pose: 
  pose: 
    position: 
      x: 19.0
      y: 10.4499998093
      z: 0.0
    orientation: 
      x: 0.0
      y: 0.0
      z: 0.965238807617
      w: 0.261369554981
  covariance: [0.25, 0.0, 0.0, 0.0, 0.0, 0.0, 0.0, 0.25, 0.0, 0.0, 0.0, 0.0, 0.0, 0.0, 0.0, 0.0, 0.0, 0.0, 0.0, 0.0, 0.0, 0.0, 0.0, 0.0, 0.0, 0.0, 0.0, 0.0, 0.0, 0.0, 0.0, 0.0, 0.0, 0.0, 0.0, 0.06853891945200942]
